2013 2.13
2016 -4.07
2010 6.20
1989 1.49
2005 2.20
1975 2.62
1987 1.62
1993 3.67
1983 -5.04
2014 -0.35
2007 4.97
1984 3.18
1990 -5.78
2009 -1.34
2017 0.52
1985 5.66
2006 2.95
1997 1.45
1988 -1.80
2003 0.00
1978 2.51
1995 2.77
2001 -0.17
1973 11.12
2020 -4.80
1992 -1.78
2004 4.68
2012 1.04
1981 -6.42
1976 7.62
1979 4.29
1994 4.53
1998 -1.69
1986 5.40
2015 -4.38
2019 0.33
1999 -1.53
1974 5.49
2008 3.90
1980 6.73
1996 7.60
2000 2.49
1982 -1.41
2011 3.07
1972 9.10
1991 -0.34
1971 8.47
2018 0.51
1977 2.45
2002 1.71